0.451129 10
0.462629 10.064
0.474129 10.0582
0.485629 10.0573
0.497129 10.0623
0.508629 10.0979
0.520129 10.0801
0.531629 10.1184
0.543129 10.107
0.554629 10.0925
0.566129 10.1033
0.577629 10.1883
0.589129 10.154
0.600629 10.1668
0.612129 10.1981
0.623629 10.2184
0.635129 10.2202
0.646629 10.2812
0.658129 10.3242
0.669629 10.2635
0.681129 10.2405
0.692629 10.3294
0.704129 10.3822
0.715629 10.4026
0.727129 10.364
0.738629 10.3926
0.750129 10.4574
0.761629 10.5446
0.773129 10.626
0.784629 10.6659
0.796129 10.6273
0.807629 10.5692
0.819129 10.5334
0.830629 10.5069
0.842129 10.5562
0.853629 10.5429
0.865129 10.6075
0.876629 10.6806
0.888129 10.7201
0.899629 10.7942
0.911129 10.7568
0.922629 10.8192
0.934129 10.8706
0.94563 10.974
0.95713 10.9342
0.96863 10.965
0.98013 11.0008
0.99163 11.0963
1.00313 11.1282
1.01463 11.1086
1.02613 11.0908
1.03763 11.1082
1.04913 11.1164
1.06063 11.0764
1.07213 11.1073
1.08363 11.1103
1.09513 11.1585
1.10663 11.236
1.11813 11.3467
1.12963 11.4838
1.14113 11.537
1.15263 11.6353
1.16413 11.7697
1.17563 11.9283
1.18713 11.9824
1.19863 12.0421
1.21013 12.0919
1.22163 12.1315
1.23313 12.1481
1.24463 12.0743
1.25613 11.998
1.26763 11.9879
1.27913 12.0137
1.29063 12.1459
1.30213 12.3021
1.31363 12.4161
1.32513 12.57
1.33663 12.8014
1.34813 13.0896
1.35963 13.4646
1.37113 13.7772
1.38263 13.8988
1.39413 13.9698
1.40563 13.9168
1.41713 13.8061
1.42863 13.6491
1.44013 13.5597
1.45163 13.4913
1.46313 13.4328
1.47463 13.3559
1.48613 13.4675
1.49763 13.8458
1.50913 14.492
1.52063 15.2196
1.53213 15.8613
1.54363 16.262
1.55513 16.6584
1.56663 17.2417
1.57813 18.1767
1.58963 19.2753
1.60113 20.4817
1.61263 21.2531
1.62413 21.6787
1.63563 22.0601
1.64713 22.7043
1.65863 23.7689
1.67013 25.3813
1.68163 27.3836
1.69313 29.6869
1.70463 32.0979
1.71613 34.5081
1.72763 36.975
1.73913 39.4556
1.75063 41.7704
1.76213 42.9926
1.77363 42.9374
1.78513 42.0669
1.79663 40.8718
1.80813 39.6794
1.81963 38.506
1.83113 37.5273
1.84263 36.7899
1.85413 36.4988
1.86563 36.6105
1.87713 37.1875
1.88863 38.2043
1.90013 39.6579
1.91163 41.2975
1.92313 42.7665
1.93463 43.987
1.94613 44.7572
1.95763 45.2195
1.96913 45.2755
1.98063 44.6362
1.99213 43.6004
2.00363 42.2881
2.01513 41.1219
2.02663 40.3103
2.03813 39.8858
2.04963 39.869
2.06113 40.226
2.07263 40.6589
2.08413 41.1026
2.09563 41.4004
2.10713 41.6776
2.11863 41.8136
2.13013 41.785
2.14163 41.1949
2.15313 40.5154
2.16463 39.8811
2.17613 39.492
2.18763 39.6133
2.19913 40.1566
2.21063 41.2426
2.22213 42.482
2.23363 43.4549
2.24513 44.1208
2.25663 44.3696
2.26813 44.307
2.27963 43.7859
2.29113 43.1349
2.30263 42.1569
2.31413 41.1023
2.32563 40.1363
2.33713 39.4029
2.34863 38.9053
2.36013 38.6396
2.37163 38.7429
2.38313 39.1337
2.39463 39.5898
2.40613 40.1181
2.41763 40.515
2.42913 40.7244
2.44063 40.8617
2.45213 40.965
2.46363 40.958
2.47513 40.6238
2.48663 39.9977
2.49813 39.3225
2.50963 38.6512
2.52113 38.0825
2.53263 37.6481
2.54413 37.5
2.55563 37.5949
2.56713 37.7765
2.57863 37.9837
2.59013 38.1629
2.60163 37.6839
2.61313 36.2431
2.62463 34.119
2.63613 31.4707
2.64763 28.8718
2.65913 26.4678
2.67063 24.3677
2.68213 22.7361
2.69363 21.5397
2.70513 20.8811
2.71663 20.6645
2.72813 20.8584
2.73963 21.453
2.75113 22.0402
2.76263 22.2559
2.77413 21.8132
2.78563 20.845
2.79713 19.4027
2.80863 17.9225
2.82013 16.507
2.83163 15.3377
2.84313 14.4739
2.85463 13.9493
2.86613 13.6087
2.87763 13.3242
2.88913 13.1035
2.90063 12.9198
2.91213 12.8899
2.92363 13.0051
2.93513 13.2118
2.94663 13.6053
2.95813 14.0212
2.96963 14.4762
2.98113 14.7369
2.99263 14.4657
3.00413 13.9152
3.01563 13.2745
3.02713 12.7524
3.03863 12.3274
3.05013 12.0091
3.06163 11.852
3.07313 11.7131
3.08463 11.6229
3.09613 11.5402
3.10763 11.4293
3.11913 11.372
3.13063 11.2836
3.14213 11.1946
3.15363 11.1358
3.16513 11.0846
3.17663 11.0888
3.18813 11.0107
3.19963 10.9004
3.21113 10.6362
3.22263 10.3251
3.23413 10.1373
3.24563 9.90791
3.25713 9.68188
3.26863 9.5842
3.28013 9.5348
3.29163 9.43396
3.30313 9.48007
3.31463 9.52417
3.32613 9.57262
3.33763 9.58989
3.34913 9.65406
3.36063 9.70059
3.37213 9.71649
3.38363 9.74043
3.39513 9.73746
3.40663 9.71576
3.41813 9.68831
3.42963 9.67411
3.44113 9.69767
3.45263 9.66016
3.46413 9.60882
3.47563 9.58754
3.48713 9.49972
3.49863 9.48833
3.51013 9.39607
3.52163 9.44637
3.53313 9.4514
3.54463 9.48271
3.55613 9.53435
3.56763 9.60258
3.57913 9.57287
3.59063 9.61195
3.60213 9.65917
3.61363 9.66728
3.62513 9.68585
3.63663 9.73039
3.64813 9.7623
3.65963 9.79874
3.67113 9.77768
3.68263 9.73467
3.69413 9.7612
3.70563 9.7695
3.71713 9.81183
3.72863 9.81163
3.74013 9.8843
3.75163 9.86965
3.76313 9.89332
3.77463 9.90683
3.78613 9.88896
3.79763 9.87162
3.80913 9.95563
3.82063 9.92788
3.83213 9.93342
3.84363 9.88914
3.85513 9.85591
3.86663 9.82306
3.87813 9.9058
3.88963 9.94392

