-401.672
-431.956
-417.636
-419.804
-431.292
-414.158
-408.38
-397.6
-412.884
-403.486
-422.84
-414.424
-421.57
-413.41
-401.792
-418.436
-405.556
-404.026
-403.868
-418.162
-407.444
-402.02
-393.348
-388.484
-411.206
-404.07
-414.59
-409.998
-425.898
-401.638
-396.888
-406.18
-411.772
-412.158
-409.542
-400.234
-427.592
-410.692
-411.848
-422.594
-417.206
-410.204
-420.736
-413.3
-405.558
-407.194
-428.366
-398.03
-427.362
-408.45
-409.86
-431.054
-401.586
-417.842
-398.158
-410.236
-434.534
-417.504
-413.806
-396.782
-426.62
-418.73
-406.472
-431.94
-395.4
-420.672
-389.922
-426.39
-408.514
-413.552
-409.854
-392.78
-429.338
-414.986
-399.966
-422.476
-406.126
-413.368
-407.556
-409.544
-427.542
-418.76
-426.724
-410.702
-417.046
-427.53
-417.75
-424.664
-388.074
-414.544
-417.778
-411.994
-406.964
-428.368
-410.388
-433.55
-424.342
-401.396
-413.986
-427.96
-408.45
-397.634
-407.196
-422.286
-431.93
-424.418
-421.142
-424.02
-420.24
-425.342
-421.172
-410.734
-407.466
-413.374
-416.174
-424.856
-408.598
-422.432
-393.916
-417.364
-394.414
-418.036
-422.156
-398.168
-401.52
-396.34
-410.426
-402.672
-404.316
-441.78
-400.522
-415.802
-416.158
-403.044
-432.948
-417.2
-419.946
-432.968
-428.616
-412.454
-423.264
-412.468
-416.504
-401.784
-409.848
-402.208
-410.13
-406.274
-407.392
-424.944
-433.55
-412.28
-406.614
-410.746
-410.214
-415.866
-413.4
-407.296
-423.88
-415.432
-396.082
-404.88
-419.028
-411.428
-407.84
-408.064
-417.568
-425.546
-432.364
-404.916
-419.304
-428.9
-416.616
-416.13
-428.924
-405.342
-412.916
-432.288
-405.422
-399.546
-427.008
-410.872
-407.788
-418.93
-412.61
-419.05
-417.574
-393.108
-413.22
-403.098
-433.51
-401.354
-417.15
-417.856
-416.168
-423.09
-419.284
-435.118
-397.204
-410.716
-396.052
-413.61
-390.024
-420.894
-419.538
-399.9
-402.576
-407.048
-405.948
-409.018
-409.902
-420.65
-401.402
-425.31
-399.982
-419.086
-403.738
-409.152
-397.784
-427.342
-402.154
-415.74
-424.282
-411.078
-402.702
-412.412
-429.156
-404.884
-405.23
-428.222
-411.568
-431.452
-400.468
-398.56
-411.108
-418.532
-423.988
-423.248
-409.782
-415.508
-426.5
-399.89
-410.75
-426.536
-403.572
-417.762
-396.942
-401.6
-405.27
-405.684
-420.58
-408.616
-402.784
-401.726
-412.054
-401.35
-409.484
-411.12
-422.198
-408.122
-401.61
-391.348
-411.764
-402.678
-403.128
-415.622
-434.396
-415.94
-414.468
-423.766
-408.67
-408.908
-425.036
-406.818
-402.266
-429.724
-433.12
-417.37
-404.072
-420.166
-407.056
-434.632
-406.316
-401.976
-422.034
-405.148
-405.984
-412.112
-413.532
-422.65
-420.776
-396.364
-411.658
-432.724
-425.928
-404.036
-414.984
-406.154
-425.674
-410
-402.536
-404.432
-397.694
-416.638
-403.114
-401.086
-445.1
-419.882
-423.186
-419.402
-420.714
-413.504
-416.682
-438.63
-412.546
-416.686
-411.66
-404.714
-406.164
-427.87
-410.992
-408.988
-406.3
-390.306
-412.036
-421.072
-419.986
-410.288
-414.486
-397.612
-419.106
-431.168
-407.338
-415.96
-415.748
-413.83
-406.074
-434.38
-427.328
-397.152
-400.718
-412.514
-401.712
-420.484
-424.132
-415.178
-400.412
-399.11
-423.446
-402.082
-421.592
-419.722
-428.898
-417.14
-409.614
-406.84
-406.374
-411.192
-396.74
-410.472
-434.23
-430.474
-429.47
-419.148
-428.102
-419.178
-404.51
-413.188
-425.774
-420.36
-423.468
-416.54
-404.994
-396.682
-420.532
-400.804
-419.434
-438.31
-411.592
-431.956
-408.526
-406.772
-418.63
-407.964
-401.558
-405.99
-385.482
-417.138
-410.682
-420.308
-431.53
-417.6
-415.768
-409.68
-443.75
-406.49
-399.234
-410.286
-417.564
-402.408
