-371.892
-365.728
-394.544
-377.588
-376.93
-374.046
-367.77
-367.36
-389.602
-378.816
-381.892
-388.35
-363.51
-385.21
-386.762
-358.436
-374.646
-373.002
-383.052
-363.856
-380.73
-385.054
-394.536
-365.938
-375.956
-380.582
-397.648
-364.66
-398.616
-390.67
-358.992
-375.89
-368.11
-363.958
-385.294
-364.442
-377.4
-367.494
-378.742
-393.518
-386.572
-371.524
-383.25
-369.068
-363.444
-371.81
-390.538
-362.284
-362.964
-386.908
-375.4
-386.372
-378.138
-356.232
-381.728
-359.962
-381.816
-386.588
-357.156
-379.99
-377.444
-388.518
-372.01
-360.714
-380.456
-379.74
-389.43
-357.086
-374.282
-375.25
-374.734
-363.486
-363.188
-379.104
-391.378
-390.104
-372.684
-374.146
-376.884
-383.74
-378.07
-384.418
-379.17
-399.922
-385.154
-364.058
-372.136
-370.576
-380.194
-377.526
-382.466
-389.972
-360.32
-378.344
-377.058
-384.458
-376.934
-377.144
-378.302
-372.266
-374.564
-376.04
-368.076
-368.03
-366.73
-372.908
-377.246
-365.002
-360.188
-370.49
-384.636
-362.3
-367.9
-396.764
-370.06
-362.776
-372.524
-365.266
-378.828
-369.346
-368.074
-381.43
-390.558
-375.936
-364.396
-368.472
-370.734
-391.75
-373.982
-368.44
-365.152
-377.242
-382.518
-368.324
-374.728
-368.612
-353.128
-366.144
-381.784
-385.202
-369.112
-375.198
-349.538
-378.132
-384.196
-377.4
-386.566
-379.932
-352.014
-370.802
-383.888
-380.836
-366.866
-400.426
-358.39
-369.882
-377.58
-378.248
-381.418
-380.618
-369.49
-381.43
-393.966
-380.416
-391.868
-400.718
-384.214
-385.878
-383.376
-368.048
-383.728
-371.938
-373.168
-390.092
-399.882
-361.478
-370.152
-373.964
-370.216
-365.126
-356.244
-375.134
-377.806
-389.668
-371.744
-365.766
-357.836
-368.774
-375.526
-398.608
-364.446
-381.504
-371.32
-376.028
-364.946
-381.922
-369.606
-380.304
-384.738
-385.066
-369.862
-356.024
-359.358
-386.418
-375.938
-377.088
-370.884
-363.35
-362.092
-385.644
-382.194
-373.692
-374.34
-386.144
-365.786
-382.102
-380.212
-374.502
-382.886
-371.942
-380.06
-367.096
-369.354
-371.594
-399.382
-378.16
-367.548
-378.586
-388.636
-368.964
-375.174
-392.112
-376.234
-381.288
-389.29
-371.764
-369.516
-373.818
-372.566
-374.576
-366.522
-378.954
-360.088
-366.198
-385.382
-371.11
-380.718
-364.528
-365.022
-396.748
-365.5
-382.024
-398.294
-393.568
-373.18
-362.938
-362.87
-371.77
-366.156
-375.868
-369.002
-371.544
-375.082
-364.276
-374.594
-369.668
-381.17
-363.662
-368.444
-368.5
-380.866
-372.32
-382.664
-385.882
-362.102
-373.536
-375.37
-389.506
-386.956
-373.782
-382.05
-377.146
-379.458
-384.79
-361.734
-385.52
-385.372
-356.966
-391.168
-369.592
-393.004
-387.118
-355.516
-351.518
-377.828
-365.258
-368.02
-370.948
-361.966
-380.682
-372.628
-381.414
-380.782
-373.024
-367.406
-368.1
-385.44
-358.824
-370.296
-378.928
-373.9
-377.114
-359.592
-361.408
-380.366
-358.38
-364.376
-374.462
-364.134
-368.628
-364.568
-378.538
-376.674
-393.034
-374.982
-367.658
-378.284
-374.608
-385.488
-378.082
-393.822
-370.49
-364.698
-350.962
-377.626
-365.828
-380.546
-368.558
-368.958
-374.022
-378.702
-387.594
-361.412
-378.312
-366.484
-378.882
-368.9
-385.636
-402.128
-370.854
-365.688
-379.02
-372.492
-355.332
-349.818
-368.15
-364.676
-380.264
-359.004
-383.182
-381.496
-370.388
-376.65
-375.228
-375.274
-369.974
-377.386
-375.238
-356.416
-391.51
-370.678
-367.806
-371.894
-379.282
-371.33
-378.194
-378.808
-356.644
-387.772
-370.436
-374.332
-383.822
-362.822
-381.652
-373.384
-381.486
-371.99
-375.918
-373.836
-359.67
-358.91
-364.65
-387.928
-377.66
-368.102
-380.746
-371.268
-391.2
-370.212
-369.496
